00100000000000100000000000010000
00100000000000110000000000000000
00111100000001100000000000000000
00110100110001100010000000000000
00100000000001010000000000000000
00000000010000110010000000100010
00100100100001001111111111111111
00000000000000000000000000000000
00000000000001010011100010000000
00000000110001110011100000100001
10001100111010000000000000000000
10001100111010010000000000000100
00000000000000000000000000000000
00000000000000000000000000000000
00000000000000000000000000000000
00000001000010010000100000101010
00000000000000000000000000000000
00000000000000000000000000000000
00000000000000000000000000000000
00010100001000000000000000000110
00000000000000000000000000000000
00000001000000000101000000100000
00000001001000000100000000100000
00000001010000000100100000100000
10101100111010000000000000000000
10101100111010010000000000000100
00100100101001010000000000000001
00000000101001000000100000101010
00000000000000000000000000000000
00000000000000000000000000000000
00000000000000000000000000000000
00010100001000001111111111101000
00000000000000000000000000000000
00100100011000110000000000000001
00000000011000100000100000101010
00000000000000000000000000000000
00000000000000000000000000000000
00000000000000000000000000000000
00010100001000001111111111011101
00000000000000000000000000000000
00000000000000000000000000001101
